1016

Esai.

INDEX LOCORUM S. SCRIPPURAE.

9, 1 118.671.867.

, -3114,

·- 6 356487.
ιο, 13 338.
-17 166.
-20 168.
-33 171818.

ιι, ι 114.171.115.7ο9.

- ἒ 934
ἶ, ῗξὶ
-10 114 ¹70 7¹9
-14 177
13,11 177.
¹4⁸ 9 995·
‘¹² 3³9·
-14 341.
17. 3 819.
- 4 178.
’,5 133·
-11 819,
19, 1 5931113836.
-19 63146813,
11,1ο 179.
14. 4 179.
-11 180.

15, 1 105134.
- 6 105.
- 8 154·
17, 1 583.
18, 3 180.
-16 81.

19,11 769.
15· 1 6111854·
- 3 885.
37,31 181.
38, 3 841.
4ο, 3 848.
“·· 9 199·
41, 1 891.

41, ι 114116748894.

-1.6 143.
- 4 144.
-6 511·
41· 1⁸ 115·
4511 466.
-14 467.
-11 136.

Esm'. 49,6 119116.

- 7 116.

- 8 144.

5ο, ι ξ7365711696.
-1 1.

-1ο 137,

511 4 157·

51, 5 608.

·· 7 ¹99·

-15 806.

53, ι 218.

“ 1 119393·

·· 4 99417977·
-5.6 911.

- 7 99846911.
- 8 111311449911.
-ιο 111.

-11 113.
54,1 116.

5518 ¹²7·
56, ιο 998.
58,9 ¹003·
519 1 137·
6111 111111416451

575· 111815·
- 1 890.

155, 8 182.

-15 183 611

66, 8 1009.
114 581

1 4 569·
-14 189.

¹ 4› 11 911·

5, 6 190.
6,16 118,
-1ο 856.
11,16 578.
-19 ιοο.
11 7 954·
16, 19 118. 519.
171 1 955·
13, 6 711.
-14 884.
3ο, 8 711.
31,31 3868,
-33 143·
3133831 84.

48,11 477696.
49, 1 119115.

Thren. 4,1ο 491.
Ezech. 6, 7 191.

 

