1⁰18 INDEX LOCORUM &801³vaAE Ἴ

Matth. 8, 47 884. Matth.²7‚27 996,
-49 494548548861. -35 998.

9, 9 466.
-19 449.

-12 347·35⁸·

2022 91·

- 8 395.

- 9 444.

-19 478.

-41 599.

-34 599· -19 3440· 74-291·
11,47 544459. 499395884.
-48 198558. -49 595515.
14,14 895. Marc. 1, 4 853.
-18 416. -13 547.859.
-47 499. -17 498.
13, 10 899. -44 548.
-17 194. 4,11 449.
14,44 885. -14 466.
-45 497. 8,49 469.
1544 881. 14,10 9²4·945·
16, 8 496. - 54 589.
-15 469. -66 479.
17,4 498. 1549 984.
18,16 844. -33 971.
-20 515. 16,4 974.
19,1ἓ 4ἓο. Luc. 1,46 657.
49,1 15. .
41, 4 756994.

²¹29 544908·

-15 899.

-43 884.

4415 943.

4534 765.

-35 766884.

-37 399·
-38 800.

44,14 301.
—15 894.
4535 56.
2⁶214 924945·
-41 938.
-38 934.
-42 4⁶⁵·
-47 939·
-48 938·
-55 9³9·

47, 3 948.
-45 899.

 

