INDEX LOCORUM S. SCRIPNJRAE. 1019

, Luc. 12,49 548.613. Aet. 4,ι6 976.
4954 499· -46 994·
44,49 894. 7,6 464.
-44 644. -44 87.
44, 3 924. -23 87.

4446 949 454 · ·
—55 984. 44 44 796.
44, 4 974. 47, 49 74 874

6944444. 4, 4 744.4.78 474646. 47 48 747.
-5 934 4949 484·
-9 449 548 844 89444· 4699· ·
-47 867. -46 768.
-48 797. -49 776.
-44 881. -44 744747.
-49 499447879944. -47 747.
²' 1} ἒξέ· ΥΞ ἔζὲ·
-46 899. ’ -49 768.
-49 784. -79 777.
4, 49 799964. 7.44 644.
-47 61. -18 944.
-45 844· 8 s 44

’ 48 949· -94 948·

-44 889. 9,47 447 479
-79 4999. -49 449. ·
-44 548999- 49 4 449
6‚41 696. -47 499.
8,44 748. 44,4 447479.
-40 947. - 7 476489776647.
49, 48 979. 679.
44,79 989. -44 778.
44,47 974. -47 998.
-44 649899· -46 444·
-44 649- 495 999·
ι344 9¹9· —15 53·
44,9 774. 4094. 4,47 987.
12· .ἑ Ξὲἑ· ’Ξέ 333·⁴³⁸'⁴⁴¹'⁴⁵¹'
‘33 ²64· ²· 9 446·
47, 7 794. 7, 4 646.
48,48 789967, -47 947.
4944 994· 449 88
-44 996- 9 9 464 646 644
4ο, 4 974. 49, 47 867.
-47 4994. 44, 4 769.
-44 797. -44 4999.

Act 4,4 798.
··· 9 580.

 

