INDEX LOCORUM S. SCRIPTURAE.

6011011114, 11 1441.

15, 6 51.
-16 765.
17, 1 481.
18, 1 481.

·- 17 16111481.

- 18 718.
-11 481·
1915 480.
10, 3 371.

·· 7 37¹·
2⁶13 1¹3·

- 4 50. 718.
18,1ο 44485.

- ¹3 718.

3¹· 11 45486.

31, 1 490.
- 1 489.
-11 487.

35· 1 492·
- 2 14.

5511 1147 8.

-19 693.
42· 4 46·
481 7 693.
492 ¹ 727·
— 8 718.

- 9 841·

-1ο 36111119664.

-Η 755.
81061113, 1 493.
·· 4 504·
—14 314.
8,19 109.
15,11 496.
1419 490.
-11 106.
16, 4 106.

19· 9 496·
10, 1 498.
-19 880.
15,17 19.
“²0 497·
——30 4¹3·
24· 9 503-
15, 40 3⁶5·
31,18 209.

32, 7 761.

-14 498·
11, ¹ 498·

811οά11133, 9 496.

-17 499·
—- 20 488.

14. 5 ⁵00·

-23 10. -

- 18 105.

- 19 108. ’

110νί603, 1 97.
4,18 18.
5. 1 29.
- 2 30.
5. 6 11.
-15 31.
6, 2 31.
11, 1 11.

17,11 97.
18, 1 344.
-84 345·

19, 1 771.
11,11 697.

Numer· ², 1 730. 4

7, 11 790.
11, 16 109.

¹2· s 496·
-10 108.
13.17 411.
14,14 501.
19, 1 15.
-10 11.
14, 3 839.
·“ 5 ³5·

·- 7 66.212.

- 8 848.
11} ἑὲἒῑ
Deuter. 4219 337·
5, 1 5ο.
-15 14.

-17 14,110.

-17 880.
11,11 23.
-16 14.
14,11 15.
-14 25.
15,19 16.
16, 1 16.
- 5 16.
·- 9 17.
-13 17.
16, 16 10.

1013

 

